1585040544
1585041008
1585041503
1585042021
1585042474
1585042956
1585043410
1585043906
1585044388
1585044776
1585045161
1585045587
1585046053
1585046530
1585047015
1585047514
1585048014
1585048367
1585048755
1585049173
1585049671
1585050134
1585050633
1585051093
1585051698
1585052071
1585052462
1585052838
1585053259
1585053743
1585054237
1585054701
1585055212
1585055594
1585055967
1585056397
1585056869
1585057354
1585057821
1585058319
1585058825
1585059178
1585059573
1585059974
1585060445
1585060920
1585061398
1585061879
1585062387
1585062749
1585063151
1585063558
1585064044
1585064536
1585065015
